4775
2706
4824
4217
1467
1961
4731
2269
4849
3055
3778
3891
1998
4169
364
4484
314
1431
4449
3220
345
3147
3948
4521
3099
3493
663
4994
427
2901
1618
2284
2430
3858
1190
2573
1392
4377
2217
2837
2745
835
1621
1918
4912
3425
882
3553
4232
1403
3974
3366
4838
4607
2322
1047
2995
2288
4911
1952
1751
2092
1245
3791
2545
797
2464
2960
4352
3139
4792
2567
377
711
4567
4135
1059
4285
321
449
4301
582
586
2726
4176
1479
294
55
1311
2882
3978
4681
2308
4146
634
3595
996
4757
1132
1610
4924
756
2436
2079
3959
3756
1282
1035
982
86
2174
1125
2137
1686
4728
4411
2044
469
486
4156
442
39
3597
1340
4248
2272
1557
1477
2278
4396
1239
1016
4667
4571
1413
2822
934
4830
120
4266
2782
968
3098
278
1502
4935
3883
2980
1240
4052
2277
3585
2876
4746
2597
1632
2207
1257
2154
2083
4088
2008
2620
84
2381
394
4795
3944
1625
2025
4990
4211
2871
4175
1074
1808
2969
4584
1089
1033
4355
668
3840
2524
1816
1274
3986
1997
2079
1622
517
4237
2472
2900
197
82
2365
2394
2141
2831