1017
2744
592
4133
2276
2938
2042
891
1216
4900
1164
3206
3437
2195
2280
3542
3310
134
511
3032
2495
216
4646
3740
3902
2925
1071
1816
4264
4944
3073
2728
1626
2745
926
1252
1350
4665
3229
1105
3846
3152
359
4259
1410
2678
3321
1918
2724
3233
2060
3784
3910
1147
2983
2982
4309
3251
1692
252
3432
3220
4380
3331
3988
1464
3302
3835
4721
1785
725
1650
2179
1409
3909
4669
1543
3677
3923
2095
3936
131
990
3602
1310
1196
2065
4077
2615
3768
4991
4805
3954
555
1030
4122
2686
3839
3470
3201
1325
2545
984
666
355
3105
1509
4971
82
1619
4988
4848
1899
131
139
143
2494
589
2318
1106
519
3396
1830
4190
1660
881
1764
4120
4177
2041
1423
2624
2631
3117
3621
1421
1111
2000
4018
4055
630
4589
3112
3943
4469
626
698
1002
1310
2532
1315
919
2011
1969
4630
4889
381
1448
1970
3372
3507
2946
2189
2487
3582
2457
109
2584
4814
2019
2797
351
2847
4157
1686
98
2662
2925
3424
4231
3798
1610
3119
4941
2960
4572
73
1744
1883
40
1007
4883
2121
3354
857
3329
568
2403
3237
4200