231
1155
971
1929
4091
4087
2463
1327
3202
734
2637
3275
4657
2285
4190
3533
1950
2292
3509
1470
1331
4403
3736
272
1426
4707
3599
2746
2049
631
435
1716
37
1191
1562
3502
4113
3598
4818
946
4831
2646
3509
3437
1294
2914
1408
290
4488
347
1335
3993
3896
3560
3322
4426
3079
2640
4249
2838
3899
3647
3114
133
4160
1836
4107
732
1492
2907
2467
952
3170
4219
4785
2670
554
248
3564
4340
3082
613
3212
2046
4324
4811
4160
3180
4191
2589
2006
128
3076
654
3301
264
4890
477
38
3462
204
2763
1328
95
3432
1216
1716
344
1328
1836
2563
4111
3619
664
1049
1558
330
1404
356
1881
1839
1205
2409
1163
2331
1514
408
1799
4799
4518
939
4738
4932
655
4365
4753
1230
4139
3344
3482
208
2396
810
1397
1530
1711
1591
3154
2929
79
1638
2291
2600
1482
3844
3257
1451
1946
4199
3319
2019
4793
3363
4349
3219
3217
1377
4573
3659
2466
1625
1821
1801
429
4696
529
3975
1394
3598
4113
1150
752
4076
1692
2561
419
4648
1571
1669
3693
600
1890
3822
4055
141
4686
545
4389
3426
306