2563
4595
1517
4079
3928
396
2944
4841
1279
2930
3798
4131
3212
4092
4692
3145
134
663
109
3724
703
2589
1516
2765
776
2024
1653
1459
2651
1935
3285
4883
3576
747
166
2404
1656
780
3015
257
1491
1071
3711
758
1045
3336
3288
840
2700
4217
4201
1778
3271
1442
4886
2580
1186
3979
2101
4280
4002
3154
2847
2324
4231
4814
322
2366
314
1037
3120
4168
2079
1273
3815
4549
2257
2065
636
2879
3668
1122
3253
4839
1524
2184
33
2877
1357
1358
4728
3761
4937
4129
2423
3882
4945
3660
3688
3786
3079
3838
1375
4727
1483
4550
3056
4725
2815
4061
506
1905
1872
1500
31
3954
4318
3191
3223
3400
906
4446
1439
2541
2131
703
1306
2839
1707
254
38
1698
2465
3783
3778
4761
599
2414
4245
3387
1993
1514
1455
1164
4020
3223
1868
1875
2922
4129
4351
2324
3843
3133
4981
2085
3557
3650
3021
2462
1142
4860
2710
4426
1127
1543
4894
4463
1955
1168
637
3764
1283
4913
1819
4251
2055
2672
2139
1330
4946
2127
3465
3857
3313
75
4281
736
2003
542
18
3596
2046
3865
2578
1531
1339
2034
3921
1424