803
2312
3655
4330
247
3334
4896
3304
1170
2619
1026
2955
2044
3969
862
1960
1944
326
1342
2167
131
1692
2628
395
4016
3521
1211
3910
3700
2709
940
2852
332
937
1920
4594
963
3326
2475
2920
3071
1818
3508
3981
4830
3528
886
4157
927
1768
3131
3416
4940
119
4007
1221
2503
3705
4252
2952
1032
3217
4534
1550
4017
1928
2270
4837
1933
116
898
824
542
3868
3022
1481
4077
1374
2669
1664
4406
458
1284
859
243
3844
933
2348
659
3005
4197
4975
3169
490
3049
2226
58
2155
3560
1362
819
3922
3058
718
2122
2685
2696
1702
4109
3120
3739
686
2929
4425
4321
1324
1213
3678
2219
1595
622
836
4405
3748
4450
4355
1743
2601
862
3528
3062
3902
1949
1159
1282
3960
3016
826
2182
2391
1595
814
211
4270
289
4799
2022
4675
2136
3945
3169
608
4587
4558
911
2373
2199
4071
2860
841
4644
2084
2441
3318
1235
4730
2392
2337
1611
121
4899
2305
3664
4586
1112
2975
3380
4202
1771
1433
3610
4805
414
3512
584
4523
1286
4766
4636
445
637
195
440
1451
819
1444
3296
4343
780
568